15
54
19
70
5
50
76
98
28
79
-34
-9
-3
-14
-6
-82
-50
-44
-97
-23
99
16
27
15
62
30
40
51
1
78
-1
-36
-21
-19
-96
-47
-35
-51
-36
-75
96
46
11
60
96
44
51
82
48
59
-10
-25
-42
-6
-74
-29
-73
-5
-53
-44
39
55
11
32
72
17
19
75
60
64
-28
-87
-4
-12
-30
-17
-49
-51
-56
-69
73
95
90
47
68
55
54
82
21
91
-5
-35
-68
-98
-22
-52
-38
-42
-73
-95
82
28
20
35
35
26
13
5
45
21
-43
-46
-18
-50
-60
-31
-18
-91
-1
-24
48
79
64
92
82
68
8
12
97
98
-23
-75
-88
-55
-7
-1
-79
-42
-45
-29
71
78
19
65
39
61
94
10
13
15
-99
-20
-84
-5
-45
-1
-33
-88
-13
-86
66
82
29
55
86
2
54
14
23
48
-11
-3
-3
-45
-95
-3
-72
-23
-21
-67
45
96
10
43
8
61
98
69
27
88
-72
-55
-2
-61
-24
-76
-68
-13
-45
-100
