18
5
68
67
55
-29
-66
-9
-22
-56
2
20
13
61
92
-35
-26
-25
-93
-40
87
62
33
96
95
-82
-55
-51
-10
-20
10
7
63
47
92
-49
-91
-18
-97
-70
96
68
42
92
87
-57
-90
-58
-80
-37
68
6
95
98
1
-3
-46
-41
-35
-94
72
66
70
4
95
-55
-82
-1
-40
-19
40
85
78
30
6
-37
-75
-31
-67
-38
98
43
31
34
36
-77
-76
-19
-56
-14
64
50
38
94
57
-15
-34
-72
-37
-96
64
58
62
1
35
-99
-57
-16
-52
-72
82
79
70
73
29
-74
-95
-23
-49
-19
85
51
72
4
38
-34
-9
-70
-15
-46
88
94
34
27
91
-71
-35
-46
-88
-55
17
90
60
53
20
-71
-7
-3
-44
-20
76
15
67
60
7
-46
-43
-7
-28
-19
7
31
81
60
70
-22
-72
-1
-7
-71
38
23
18
31
73
-68
-9
-38
-66
-47
28
38
80
71
70
-42
-1
-31
-91
-50
20
67
88
35
32
-53
-93
-42
-60
-46
